100, 100, 0
100.298, 35.9816, 18.5022
101.603, 69.8954, 14.5291
100.298, 35.9816, 18.5022
102.719, 59.6662, 10.7599
101.603, 69.8954, 14.5291
102.719, 59.6662, 10.7599
100, 100, 0
101.603, 69.8954, 14.5291
100.298, 35.9816, 18.5022
104.409, 48.0815, 3.19626
106.859, 51.2018, 13.6739
104.409, 48.0815, 3.19626
102.719, 59.6662, 10.7599
106.859, 51.2018, 13.6739
102.719, 59.6662, 10.7599
100.298, 35.9816, 18.5022
106.859, 51.2018, 13.6739
104.409, 48.0815, 3.19626
100, 100, 0
106.07, 66.5005, 3.03154
100, 100, 0
102.719, 59.6662, 10.7599
106.07, 66.5005, 3.03154
102.719, 59.6662, 10.7599
104.409, 48.0815, 3.19626
106.07, 66.5005, 3.03154
100.298, 35.9816, 18.5022
100, 0, 0
105.547, 26.0084, 8.54338
100, 0, 0
103.584, 31.5225, 4.83476
105.547, 26.0084, 8.54338
103.584, 31.5225, 4.83476
100.298, 35.9816, 18.5022
105.547, 26.0084, 8.54338
100, 0, 0
104.409, 48.0815, 3.19626
100.895, 29.9853, 7.31457
104.409, 48.0815, 3.19626
103.584, 31.5225, 4.83476
100.895, 29.9853, 7.31457
103.584, 31.5225, 4.83476
100, 0, 0
100.895, 29.9853, 7.31457
104.409, 48.0815, 3.19626
100.298, 35.9816, 18.5022
106.249, 39.5672, 7.12876
100.298, 35.9816, 18.5022
103.584, 31.5225, 4.83476
106.249, 39.5672, 7.12876
103.584, 31.5225, 4.83476
104.409, 48.0815, 3.19626
106.249, 39.5672, 7.12876
100, 100, 0
100, 3, 50
99.6813, 54.3286, 24.1921
100, 3, 50
98.2439, 54.8707, 23.7022
99.6813, 54.3286, 24.1921
98.2439, 54.8707, 23.7022
100, 100, 0
99.6813, 54.3286, 24.1921
100, 3, 50
101.53, 51.1143, 21.9712
98.0828, 36.0151, 35.4881
101.53, 51.1143, 21.9712
98.2439, 54.8707, 23.7022
98.0828, 36.0151, 35.4881
98.2439, 54.8707, 23.7022
100, 3, 50
98.0828, 36.0151, 35.4881
101.53, 51.1143, 21.9712
100, 100, 0
102.481, 65.7663, 16.742
100, 100, 0
98.2439, 54.8707, 23.7022
102.481, 65.7663, 16.742
98.2439, 54.8707, 23.7022
101.53, 51.1143, 21.9712
102.481, 65.7663, 16.742
100, 3, 50
100.298, 35.9816, 18.5022
100.516, 22.5658, 31.5354
100.298, 35.9816, 18.5022
99.6442, 29.0444, 34.5979
100.516, 22.5658, 31.5354
99.6442, 29.0444, 34.5979
100, 3, 50
100.516, 22.5658, 31.5354
100.298, 35.9816, 18.5022
101.53, 51.1143, 21.9712
104.414, 39.4134, 26.1846
101.53, 51.1143, 21.9712
99.6442, 29.0444, 34.5979
104.414, 39.4134, 26.1846
99.6442, 29.0444, 34.5979
100.298, 35.9816, 18.5022
104.414, 39.4134, 26.1846
101.53, 51.1143, 21.9712
100, 3, 50
104.008, 30.1328, 38.6809
100, 3, 50
99.6442, 29.0444, 34.5979
104.008, 30.1328, 38.6809
99.6442, 29.0444, 34.5979
101.53, 51.1143, 21.9712
104.008, 30.1328, 38.6809
100.298, 35.9816, 18.5022
100, 100, 0
106.791, 64.8862, 15.0914
100, 100, 0
105.171, 62.3097, 16.6764
106.791, 64.8862, 15.0914
105.171, 62.3097, 16.6764
100.298, 35.9816, 18.5022
106.791, 64.8862, 15.0914
100, 100, 0
101.53, 51.1143, 21.9712
102.093, 71.0104, 14.5675
101.53, 51.1143, 21.9712
105.171, 62.3097, 16.6764
102.093, 71.0104, 14.5675
105.171, 62.3097, 16.6764
100, 100, 0
102.093, 71.0104, 14.5675
101.53, 51.1143, 21.9712
100.298, 35.9816, 18.5022
101.895, 49.3596, 23.0339
100.298, 35.9816, 18.5022
105.171, 62.3097, 16.6764
101.895, 49.3596, 23.0339
105.171, 62.3097, 16.6764
101.53, 51.1143, 21.9712
101.895, 49.3596, 23.0339
100, 3, 50
100, 0, 0
98.5348, 3.2636, 27.0218
100, 0, 0
98.585, 9.44871, 24.6519
98.5348, 3.2636, 27.0218
98.585, 9.44871, 24.6519
100, 3, 50
98.5348, 3.2636, 27.0218
100, 0, 0
102.768, 15.0496, 20.3157
101.862, 6.55695, 16.2654
102.768, 15.0496, 20.3157
98.585, 9.44871, 24.6519
101.862, 6.55695, 16.2654
98.585, 9.44871, 24.6519
100, 0, 0
101.862, 6.55695, 16.2654
102.768, 15.0496, 20.3157
100, 3, 50
104.062, 7.95481, 28.7239
100, 3, 50
98.585, 9.44871, 24.6519
104.062, 7.95481, 28.7239
98.585, 9.44871, 24.6519
102.768, 15.0496, 20.3157
104.062, 7.95481, 28.7239
100, 0, 0
100.298, 35.9816, 18.5022
101.189, 20.7199, 10.9349
100.298, 35.9816, 18.5022
103.797, 14.9158, 16.0588
101.189, 20.7199, 10.9349
103.797, 14.9158, 16.0588
100, 0, 0
101.189, 20.7199, 10.9349
100.298, 35.9816, 18.5022
102.768, 15.0496, 20.3157
100.502, 24.7088, 17.9069
102.768, 15.0496, 20.3157
103.797, 14.9158, 16.0588
100.502, 24.7088, 17.9069
103.797, 14.9158, 16.0588
100.298, 35.9816, 18.5022
100.502, 24.7088, 17.9069
102.768, 15.0496, 20.3157
100, 0, 0
100.505, 14.3485, 16.0878
100, 0, 0
103.797, 14.9158, 16.0588
100.505, 14.3485, 16.0878
103.797, 14.9158, 16.0588
102.768, 15.0496, 20.3157
100.505, 14.3485, 16.0878
100.298, 35.9816, 18.5022
100, 3, 50
103.491, 16.9167, 35.2257
100, 3, 50
100.566, 15.1136, 32.8098
103.491, 16.9167, 35.2257
100.566, 15.1136, 32.8098
100.298, 35.9816, 18.5022
103.491, 16.9167, 35.2257
100, 3, 50
102.768, 15.0496, 20.3157
101.525, 10.6045, 35.8249
102.768, 15.0496, 20.3157
100.566, 15.1136, 32.8098
101.525, 10.6045, 35.8249
100.566, 15.1136, 32.8098
100, 3, 50
101.525, 10.6045, 35.8249
102.768, 15.0496, 20.3157
100.298, 35.9816, 18.5022
105.031, 22.2464, 24.3868
100.298, 35.9816, 18.5022
100.566, 15.1136, 32.8098
105.031, 22.2464, 24.3868
100.566, 15.1136, 32.8098
102.768, 15.0496, 20.3157
105.031, 22.2464, 24.3868
100, 100, 0
0, 100, 0
49.9202, 100.466, 1.84424
0, 100, 0
56.4008, 95.4604, 3.93228
49.9202, 100.466, 1.84424
56.4008, 95.4604, 3.93228
100, 100, 0
49.9202, 100.466, 1.84424
0, 100, 0
59.8444, 94.6184, 8.08694
42.63, 95.6641, 7.7215
59.8444, 94.6184, 8.08694
56.4008, 95.4604, 3.93228
42.63, 95.6641, 7.7215
56.4008, 95.4604, 3.93228
0, 100, 0
42.63, 95.6641, 7.7215
59.8444, 94.6184, 8.08694
100, 100, 0
74.2832, 95.6337, 3.38317
100, 100, 0
56.4008, 95.4604, 3.93228
74.2832, 95.6337, 3.38317
56.4008, 95.4604, 3.93228
59.8444, 94.6184, 8.08694
74.2832, 95.6337, 3.38317
0, 100, 0
70.2784, 71.2171, 20.4713
37.2081, 87.3451, 9.33152
70.2784, 71.2171, 20.4713
47.5893, 87.6936, 11.3055
37.2081, 87.3451, 9.33152
47.5893, 87.6936, 11.3055
0, 100, 0
37.2081, 87.3451, 9.33152
70.2784, 71.2171, 20.4713
59.8444, 94.6184, 8.08694
63.4351, 85.2022, 16.4697
59.8444, 94.6184, 8.08694
47.5893, 87.6936, 11.3055
63.4351, 85.2022, 16.4697
47.5893, 87.6936, 11.3055
70.2784, 71.2171, 20.4713
63.4351, 85.2022, 16.4697
59.8444, 94.6184, 8.08694
0, 100, 0
38.1345, 95.2774, 6.41558
0, 100, 0
47.5893, 87.6936, 11.3055
38.1345, 95.2774, 6.41558
47.5893, 87.6936, 11.3055
59.8444, 94.6184, 8.08694
38.1345, 95.2774, 6.41558
70.2784, 71.2171, 20.4713
100, 100, 0
78.6106, 86.3753, 7.57112
100, 100, 0
74.3221, 86.0339, 8.34476
78.6106, 86.3753, 7.57112
74.3221, 86.0339, 8.34476
70.2784, 71.2171, 20.4713
78.6106, 86.3753, 7.57112
100, 100, 0
59.8444, 94.6184, 8.08694
78.127, 90.917, 6.08306
59.8444, 94.6184, 8.08694
74.3221, 86.0339, 8.34476
78.127, 90.917, 6.08306
74.3221, 86.0339, 8.34476
100, 100, 0
78.127, 90.917, 6.08306
59.8444, 94.6184, 8.08694
70.2784, 71.2171, 20.4713
66.5174, 86.7043, 13.3996
70.2784, 71.2171, 20.4713
74.3221, 86.0339, 8.34476
66.5174, 86.7043, 13.3996
74.3221, 86.0339, 8.34476
59.8444, 94.6184, 8.08694
66.5174, 86.7043, 13.3996
0, 100, 0
100, 3, 50
47.2642, 56.981, 27.0643
100, 3, 50
50.6381, 53.2394, 22.9864
47.2642, 56.981, 27.0643
50.6381, 53.2394, 22.9864
0, 100, 0
47.2642, 56.981, 27.0643
100, 3, 50
55.0613, 56.0033, 20.6006
72.2551, 38.0528, 28.9448
55.0613, 56.0033, 20.6006
50.6381, 53.2394, 22.9864
72.2551, 38.0528, 28.9448
50.6381, 53.2394, 22.9864
100, 3, 50
72.2551, 38.0528, 28.9448
55.0613, 56.0033, 20.6006
0, 100, 0
32.3896, 71.9703, 13.3932
0, 100, 0
50.6381, 53.2394, 22.9864
32.3896, 71.9703, 13.3932
50.6381, 53.2394, 22.9864
55.0613, 56.0033, 20.6006
32.3896, 71.9703, 13.3932
100, 3, 50
70.2784, 71.2171, 20.4713
86.3049, 39.5744, 35.0489
70.2784, 71.2171, 20.4713
77.1182, 42.5576, 27.473
86.3049, 39.5744, 35.0489
77.1182, 42.5576, 27.473
100, 3, 50
86.3049, 39.5744, 35.0489
70.2784, 71.2171, 20.4713
55.0613, 56.0033, 20.6006
65.6002, 57.5995, 23.332
55.0613, 56.0033, 20.6006
77.1182, 42.5576, 27.473
65.6002, 57.5995, 23.332
77.1182, 42.5576, 27.473
70.2784, 71.2171, 20.4713
65.6002, 57.5995, 23.332
55.0613, 56.0033, 20.6006
100, 3, 50
79.9433, 36.9658, 30.611
100, 3, 50
77.1182, 42.5576, 27.473
79.9433, 36.9658, 30.611
77.1182, 42.5576, 27.473
55.0613, 56.0033, 20.6006
79.9433, 36.9658, 30.611
70.2784, 71.2171, 20.4713
0, 100, 0
36.7026, 85.4245, 14.6203
0, 100, 0
39.6643, 75.1447, 15.9492
36.7026, 85.4245, 14.6203
39.6643, 75.1447, 15.9492
70.2784, 71.2171, 20.4713
36.7026, 85.4245, 14.6203
0, 100, 0
55.0613, 56.0033, 20.6006
33.9104, 76.2666, 11.0505
55.0613, 56.0033, 20.6006
39.6643, 75.1447, 15.9492
33.9104, 76.2666, 11.0505
39.6643, 75.1447, 15.9492
0, 100, 0
33.9104, 76.2666, 11.0505
55.0613, 56.0033, 20.6006
70.2784, 71.2171, 20.4713
57.1692, 64.4933, 22.3672
70.2784, 71.2171, 20.4713
39.6643, 75.1447, 15.9492
57.1692, 64.4933, 22.3672
39.6643, 75.1447, 15.9492
55.0613, 56.0033, 20.6006
57.1692, 64.4933, 22.3672
100, 3, 50
100, 100, 0
98.727, 52.3869, 27.3344
100, 100, 0
97.7854, 50.8494, 27.736
98.727, 52.3869, 27.3344
97.7854, 50.8494, 27.736
100, 3, 50
98.727, 52.3869, 27.3344
100, 100, 0
93.7407, 55.541, 25.5539
99.4101, 66.6605, 16.2367
93.7407, 55.541, 25.5539
97.7854, 50.8494, 27.736
99.4101, 66.6605, 16.2367
97.7854, 50.8494, 27.736
100, 100, 0
99.4101, 66.6605, 16.2367
93.7407, 55.541, 25.5539
100, 3, 50
97.4774, 35.9209, 32.3048
100, 3, 50
97.7854, 50.8494, 27.736
97.4774, 35.9209, 32.3048
97.7854, 50.8494, 27.736
93.7407, 55.541, 25.5539
97.4774, 35.9209, 32.3048
100, 100, 0
70.2784, 71.2171, 20.4713
88.99, 87.0322, 12.8913
70.2784, 71.2171, 20.4713
87.2768, 77.2685, 19.583
88.99, 87.0322, 12.8913
87.2768, 77.2685, 19.583
100, 100, 0
88.99, 87.0322, 12.8913
70.2784, 71.2171, 20.4713
93.7407, 55.541, 25.5539
81.8232, 70.1459, 25.9167
93.7407, 55.541, 25.5539
87.2768, 77.2685, 19.583
81.8232, 70.1459, 25.9167
87.2768, 77.2685, 19.583
70.2784, 71.2171, 20.4713
81.8232, 70.1459, 25.9167
93.7407, 55.541, 25.5539
100, 100, 0
93.7088, 82.2614, 12.514
100, 100, 0
87.2768, 77.2685, 19.583
93.7088, 82.2614, 12.514
87.2768, 77.2685, 19.583
93.7407, 55.541, 25.5539
93.7088, 82.2614, 12.514
70.2784, 71.2171, 20.4713
100, 3, 50
84.1004, 43.924, 39.5027
100, 3, 50
89.1459, 43.0087, 33.064
84.1004, 43.924, 39.5027
89.1459, 43.0087, 33.064
70.2784, 71.2171, 20.4713
84.1004, 43.924, 39.5027
100, 3, 50
93.7407, 55.541, 25.5539
97.2611, 34.2956, 39.8408
93.7407, 55.541, 25.5539
89.1459, 43.0087, 33.064
97.2611, 34.2956, 39.8408
89.1459, 43.0087, 33.064
100, 3, 50
97.2611, 34.2956, 39.8408
93.7407, 55.541, 25.5539
70.2784, 71.2171, 20.4713
86.9481, 54.7006, 29.1219
70.2784, 71.2171, 20.4713
89.1459, 43.0087, 33.064
86.9481, 54.7006, 29.1219
89.1459, 43.0087, 33.064
93.7407, 55.541, 25.5539
86.9481, 54.7006, 29.1219
0, 100, 0
0, 0, 0
5.83126, 49.3306, 3.12066
0, 0, 0
3.42983, 47.4743, 2.62889
5.83126, 49.3306, 3.12066
3.42983, 47.4743, 2.62889
0, 100, 0
5.83126, 49.3306, 3.12066
0, 0, 0
12.0343, 48.0454, 6.19587
6.10141, 32.7777, 0.695569
12.0343, 48.0454, 6.19587
3.42983, 47.4743, 2.62889
6.10141, 32.7777, 0.695569
3.42983, 47.4743, 2.62889
0, 0, 0
6.10141, 32.7777, 0.695569
12.0343, 48.0454, 6.19587
0, 100, 0
6.50476, 62.4903, 0.448839
0, 100, 0
3.42983, 47.4743, 2.62889
6.50476, 62.4903, 0.448839
3.42983, 47.4743, 2.62889
12.0343, 48.0454, 6.19587
6.50476, 62.4903, 0.448839
0, 0, 0
37.9498, 38.7589, 16.3439
17.5025, 26.3659, 10.625
37.9498, 38.7589, 16.3439
20.6269, 33.5146, 11.4242
17.5025, 26.3659, 10.625
20.6269, 33.5146, 11.4242
0, 0, 0
17.5025, 26.3659, 10.625
37.9498, 38.7589, 16.3439
12.0343, 48.0454, 6.19587
28.4108, 40.8919, 14.0071
12.0343, 48.0454, 6.19587
20.6269, 33.5146, 11.4242
28.4108, 40.8919, 14.0071
20.6269, 33.5146, 11.4242
37.9498, 38.7589, 16.3439
28.4108, 40.8919, 14.0071
12.0343, 48.0454, 6.19587
0, 0, 0
10.0617, 24.3559, 5.34027
0, 0, 0
20.6269, 33.5146, 11.4242
10.0617, 24.3559, 5.34027
20.6269, 33.5146, 11.4242
12.0343, 48.0454, 6.19587
10.0617, 24.3559, 5.34027
37.9498, 38.7589, 16.3439
0, 100, 0
20.8971, 67.4035, 8.12519
0, 100, 0
19.6287, 66.5828, 8.89795
20.8971, 67.4035, 8.12519
19.6287, 66.5828, 8.89795
37.9498, 38.7589, 16.3439
20.8971, 67.4035, 8.12519
0, 100, 0
12.0343, 48.0454, 6.19587
8.93646, 73.0286, 4.82854
12.0343, 48.0454, 6.19587
19.6287, 66.5828, 8.89795
8.93646, 73.0286, 4.82854
19.6287, 66.5828, 8.89795
0, 100, 0
8.93646, 73.0286, 4.82854
12.0343, 48.0454, 6.19587
37.9498, 38.7589, 16.3439
26.9181, 55.9159, 14.4356
37.9498, 38.7589, 16.3439
19.6287, 66.5828, 8.89795
26.9181, 55.9159, 14.4356
19.6287, 66.5828, 8.89795
12.0343, 48.0454, 6.19587
26.9181, 55.9159, 14.4356
0, 0, 0
100, 3, 50
53.4674, 3.72098, 28.4696
100, 3, 50
48.2387, 9.86443, 26.4601
53.4674, 3.72098, 28.4696
48.2387, 9.86443, 26.4601
0, 0, 0
53.4674, 3.72098, 28.4696
100, 3, 50
45.2085, 13.9217, 20.0391
64.0278, 8.84069, 32.1009
45.2085, 13.9217, 20.0391
48.2387, 9.86443, 26.4601
64.0278, 8.84069, 32.1009
48.2387, 9.86443, 26.4601
100, 3, 50
64.0278, 8.84069, 32.1009
45.2085, 13.9217, 20.0391
0, 0, 0
29.71, 12.8527, 18.3937
0, 0, 0
48.2387, 9.86443, 26.4601
29.71, 12.8527, 18.3937
48.2387, 9.86443, 26.4601
45.2085, 13.9217, 20.0391
29.71, 12.8527, 18.3937
100, 3, 50
37.9498, 38.7589, 16.3439
69.7598, 21.6783, 30.1493
37.9498, 38.7589, 16.3439
62.7252, 16.4303, 27.8722
69.7598, 21.6783, 30.1493
62.7252, 16.4303, 27.8722
100, 3, 50
69.7598, 21.6783, 30.1493
37.9498, 38.7589, 16.3439
45.2085, 13.9217, 20.0391
50.0427, 24.0392, 18.7817
45.2085, 13.9217, 20.0391
62.7252, 16.4303, 27.8722
50.0427, 24.0392, 18.7817
62.7252, 16.4303, 27.8722
37.9498, 38.7589, 16.3439
50.0427, 24.0392, 18.7817
45.2085, 13.9217, 20.0391
100, 3, 50
71.0038, 14.5819, 37.2566
100, 3, 50
62.7252, 16.4303, 27.8722
71.0038, 14.5819, 37.2566
62.7252, 16.4303, 27.8722
45.2085, 13.9217, 20.0391
71.0038, 14.5819, 37.2566
37.9498, 38.7589, 16.3439
0, 0, 0
27.6397, 17.4595, 8.4449
0, 0, 0
30.1114, 15.662, 12.7569
27.6397, 17.4595, 8.4449
30.1114, 15.662, 12.7569
37.9498, 38.7589, 16.3439
27.6397, 17.4595, 8.4449
0, 0, 0
45.2085, 13.9217, 20.0391
24.2129, 8.37156, 14.4253
45.2085, 13.9217, 20.0391
30.1114, 15.662, 12.7569
24.2129, 8.37156, 14.4253
30.1114, 15.662, 12.7569
0, 0, 0
24.2129, 8.37156, 14.4253
45.2085, 13.9217, 20.0391
37.9498, 38.7589, 16.3439
41.5543, 27.066, 17.8869
37.9498, 38.7589, 16.3439
30.1114, 15.662, 12.7569
41.5543, 27.066, 17.8869
30.1114, 15.662, 12.7569
45.2085, 13.9217, 20.0391
41.5543, 27.066, 17.8869
100, 3, 50
0, 100, 0
54.5666, 54.1831, 26.2563
0, 100, 0
52.4685, 47.7667, 26.0159
54.5666, 54.1831, 26.2563
52.4685, 47.7667, 26.0159
100, 3, 50
54.5666, 54.1831, 26.2563
0, 100, 0
50.7756, 45.574, 19.8078
32.9841, 65.0265, 18.0468
50.7756, 45.574, 19.8078
52.4685, 47.7667, 26.0159
32.9841, 65.0265, 18.0468
52.4685, 47.7667, 26.0159
0, 100, 0
32.9841, 65.0265, 18.0468
50.7756, 45.574, 19.8078
100, 3, 50
70.1956, 35.8916, 36.5051
100, 3, 50
52.4685, 47.7667, 26.0159
70.1956, 35.8916, 36.5051
52.4685, 47.7667, 26.0159
50.7756, 45.574, 19.8078
70.1956, 35.8916, 36.5051
0, 100, 0
37.9498, 38.7589, 16.3439
21.2623, 65.4466, 12.6337
37.9498, 38.7589, 16.3439
27.5673, 58.6475, 15.7349
21.2623, 65.4466, 12.6337
27.5673, 58.6475, 15.7349
0, 100, 0
21.2623, 65.4466, 12.6337
37.9498, 38.7589, 16.3439
50.7756, 45.574, 19.8078
41.7336, 45.1398, 18.697
50.7756, 45.574, 19.8078
27.5673, 58.6475, 15.7349
41.7336, 45.1398, 18.697
27.5673, 58.6475, 15.7349
37.9498, 38.7589, 16.3439
41.7336, 45.1398, 18.697
50.7756, 45.574, 19.8078
0, 100, 0
30.1611, 70.1804, 12.3241
0, 100, 0
27.5673, 58.6475, 15.7349
30.1611, 70.1804, 12.3241
27.5673, 58.6475, 15.7349
50.7756, 45.574, 19.8078
30.1611, 70.1804, 12.3241
37.9498, 38.7589, 16.3439
100, 3, 50
67.3371, 27.4224, 29.3759
100, 3, 50
60.0568, 26.2466, 26.4182
67.3371, 27.4224, 29.3759
60.0568, 26.2466, 26.4182
37.9498, 38.7589, 16.3439
67.3371, 27.4224, 29.3759
100, 3, 50
50.7756, 45.574, 19.8078
74.1935, 23.1011, 36.3244
50.7756, 45.574, 19.8078
60.0568, 26.2466, 26.4182
74.1935, 23.1011, 36.3244
60.0568, 26.2466, 26.4182
100, 3, 50
74.1935, 23.1011, 36.3244
50.7756, 45.574, 19.8078
37.9498, 38.7589, 16.3439
52.1602, 34.762, 24.1994
37.9498, 38.7589, 16.3439
60.0568, 26.2466, 26.4182
52.1602, 34.762, 24.1994
60.0568, 26.2466, 26.4182
50.7756, 45.574, 19.8078
52.1602, 34.762, 24.1994
0, 0, 0
100, 0, 0
49.91, -1.48107, 5.33492
100, 0, 0
54.7522, 3.4381, 3.00066
49.91, -1.48107, 5.33492
54.7522, 3.4381, 3.00066
0, 0, 0
49.91, -1.48107, 5.33492
100, 0, 0
56.4965, 4.78441, -0.328624
71.5845, 0.98418, 1.53945
56.4965, 4.78441, -0.328624
54.7522, 3.4381, 3.00066
71.5845, 0.98418, 1.53945
54.7522, 3.4381, 3.00066
100, 0, 0
71.5845, 0.98418, 1.53945
56.4965, 4.78441, -0.328624
0, 0, 0
35.6749, 2.0396, -0.0897838
0, 0, 0
54.7522, 3.4381, 3.00066
35.6749, 2.0396, -0.0897838
54.7522, 3.4381, 3.00066
56.4965, 4.78441, -0.328624
35.6749, 2.0396, -0.0897838
100, 0, 0
55.2084, 5.409, 5.02288
74.4584, 3.66736, 7.67707
55.2084, 5.409, 5.02288
69.7963, 7.01251, 4.54265
74.4584, 3.66736, 7.67707
69.7963, 7.01251, 4.54265
100, 0, 0
74.4584, 3.66736, 7.67707
55.2084, 5.409, 5.02288
56.4965, 4.78441, -0.328624
60.609, 7.86747, 1.0447
56.4965, 4.78441, -0.328624
69.7963, 7.01251, 4.54265
60.609, 7.86747, 1.0447
69.7963, 7.01251, 4.54265
55.2084, 5.409, 5.02288
60.609, 7.86747, 1.0447
56.4965, 4.78441, -0.328624
100, 0, 0
74.2253, 3.20028, 0.110394
100, 0, 0
69.7963, 7.01251, 4.54265
74.2253, 3.20028, 0.110394
69.7963, 7.01251, 4.54265
56.4965, 4.78441, -0.328624
74.2253, 3.20028, 0.110394
55.2084, 5.409, 5.02288
0, 0, 0
31.5773, 6.53017, 0.202755
0, 0, 0
39.0111, 5.48962, -1.07655
31.5773, 6.53017, 0.202755
39.0111, 5.48962, -1.07655
55.2084, 5.409, 5.02288
31.5773, 6.53017, 0.202755
0, 0, 0
56.4965, 4.78441, -0.328624
33.8806, 7.34364, -3.26634
56.4965, 4.78441, -0.328624
39.0111, 5.48962, -1.07655
33.8806, 7.34364, -3.26634
39.0111, 5.48962, -1.07655
0, 0, 0
33.8806, 7.34364, -3.26634
56.4965, 4.78441, -0.328624
55.2084, 5.409, 5.02288
51.1003, 3.57645, 5.02238
55.2084, 5.409, 5.02288
39.0111, 5.48962, -1.07655
51.1003, 3.57645, 5.02238
39.0111, 5.48962, -1.07655
56.4965, 4.78441, -0.328624
51.1003, 3.57645, 5.02238
100, 0, 0
71.5393, 4.48054, 19.6416
82.1815, 4.2589, 8.27607
71.5393, 4.48054, 19.6416
81.8164, 5.92049, 5.677
82.1815, 4.2589, 8.27607
81.8164, 5.92049, 5.677
100, 0, 0
82.1815, 4.2589, 8.27607
71.5393, 4.48054, 19.6416
76.6109, 4.73958, 5.50496
74.925, 7.42335, 8.63974
76.6109, 4.73958, 5.50496
81.8164, 5.92049, 5.677
74.925, 7.42335, 8.63974
81.8164, 5.92049, 5.677
71.5393, 4.48054, 19.6416
74.925, 7.42335, 8.63974
76.6109, 4.73958, 5.50496
100, 0, 0
88.9688, 3.51717, 3.98916
100, 0, 0
81.8164, 5.92049, 5.677
88.9688, 3.51717, 3.98916
81.8164, 5.92049, 5.677
76.6109, 4.73958, 5.50496
88.9688, 3.51717, 3.98916
71.5393, 4.48054, 19.6416
55.2084, 5.409, 5.02288
68.5253, 10.0453, 14.7183
55.2084, 5.409, 5.02288
71.7851, 6.88871, 7.81797
68.5253, 10.0453, 14.7183
71.7851, 6.88871, 7.81797
71.5393, 4.48054, 19.6416
68.5253, 10.0453, 14.7183
55.2084, 5.409, 5.02288
76.6109, 4.73958, 5.50496
68.6778, 5.86551, 10.7424
76.6109, 4.73958, 5.50496
71.7851, 6.88871, 7.81797
68.6778, 5.86551, 10.7424
71.7851, 6.88871, 7.81797
55.2084, 5.409, 5.02288
68.6778, 5.86551, 10.7424
76.6109, 4.73958, 5.50496
71.5393, 4.48054, 19.6416
71.7881, 9.02078, 15.5445
71.5393, 4.48054, 19.6416
71.7851, 6.88871, 7.81797
71.7881, 9.02078, 15.5445
71.7851, 6.88871, 7.81797
76.6109, 4.73958, 5.50496
71.7881, 9.02078, 15.5445
55.2084, 5.409, 5.02288
100, 0, 0
78.2976, 5.27175, 6.92947
100, 0, 0
78.1059, 5.00887, 4.98738
78.2976, 5.27175, 6.92947
78.1059, 5.00887, 4.98738
55.2084, 5.409, 5.02288
78.2976, 5.27175, 6.92947
100, 0, 0
76.6109, 4.73958, 5.50496
87.1677, 6.03882, 7.8089
76.6109, 4.73958, 5.50496
78.1059, 5.00887, 4.98738
87.1677, 6.03882, 7.8089
78.1059, 5.00887, 4.98738
100, 0, 0
87.1677, 6.03882, 7.8089
76.6109, 4.73958, 5.50496
55.2084, 5.409, 5.02288
67.1853, 5.62212, 8.36276
55.2084, 5.409, 5.02288
78.1059, 5.00887, 4.98738
67.1853, 5.62212, 8.36276
78.1059, 5.00887, 4.98738
76.6109, 4.73958, 5.50496
67.1853, 5.62212, 8.36276
71.5393, 4.48054, 19.6416
0, 0, 0
37.3857, -0.0927486, 12.4464
0, 0, 0
38.0975, 3.02627, 14.1331
37.3857, -0.0927486, 12.4464
38.0975, 3.02627, 14.1331
71.5393, 4.48054, 19.6416
37.3857, -0.0927486, 12.4464
0, 0, 0
43.5582, 7.32546, 11.6313
29.1182, 6.6019, 6.17402
43.5582, 7.32546, 11.6313
38.0975, 3.02627, 14.1331
29.1182, 6.6019, 6.17402
38.0975, 3.02627, 14.1331
0, 0, 0
29.1182, 6.6019, 6.17402
43.5582, 7.32546, 11.6313
71.5393, 4.48054, 19.6416
51.7883, 5.51461, 13.8142
71.5393, 4.48054, 19.6416
38.0975, 3.02627, 14.1331
51.7883, 5.51461, 13.8142
38.0975, 3.02627, 14.1331
43.5582, 7.32546, 11.6313
51.7883, 5.51461, 13.8142
0, 0, 0
55.2084, 5.409, 5.02288
33.6683, 5.80828, 1.9126
55.2084, 5.409, 5.02288
35.3065, 7.65797, 9.65226
33.6683, 5.80828, 1.9126
35.3065, 7.65797, 9.65226
0, 0, 0
33.6683, 5.80828, 1.9126
55.2084, 5.409, 5.02288
43.5582, 7.32546, 11.6313
48.7886, 5.72202, 11.8747
43.5582, 7.32546, 11.6313
35.3065, 7.65797, 9.65226
48.7886, 5.72202, 11.8747
35.3065, 7.65797, 9.65226
55.2084, 5.409, 5.02288
48.7886, 5.72202, 11.8747
43.5582, 7.32546, 11.6313
0, 0, 0
26.9069, 5.56322, 11.958
0, 0, 0
35.3065, 7.65797, 9.65226
26.9069, 5.56322, 11.958
35.3065, 7.65797, 9.65226
43.5582, 7.32546, 11.6313
26.9069, 5.56322, 11.958
55.2084, 5.409, 5.02288
71.5393, 4.48054, 19.6416
63.308, 5.22263, 16.1752
71.5393, 4.48054, 19.6416
56.444, 7.75936, 9.77673
63.308, 5.22263, 16.1752
56.444, 7.75936, 9.77673
55.2084, 5.409, 5.02288
63.308, 5.22263, 16.1752
71.5393, 4.48054, 19.6416
43.5582, 7.32546, 11.6313
57.0932, 7.39417, 15.9534
43.5582, 7.32546, 11.6313
56.444, 7.75936, 9.77673
57.0932, 7.39417, 15.9534
56.444, 7.75936, 9.77673
71.5393, 4.48054, 19.6416
57.0932, 7.39417, 15.9534
43.5582, 7.32546, 11.6313
55.2084, 5.409, 5.02288
55.2002, 5.95087, 5.86603
55.2084, 5.409, 5.02288
56.444, 7.75936, 9.77673
55.2002, 5.95087, 5.86603
56.444, 7.75936, 9.77673
43.5582, 7.32546, 11.6313
55.2002, 5.95087, 5.86603
100, 0, 0
100, 3, 50
100.692, -1.18303, 25.8001
100, 3, 50
99.8851, 1.41446, 25.6692
100.692, -1.18303, 25.8001
99.8851, 1.41446, 25.6692
100, 0, 0
100.692, -1.18303, 25.8001
100, 3, 50
101.299, 1.95696, 26.7473
103.843, -0.120523, 33.779
101.299, 1.95696, 26.7473
99.8851, 1.41446, 25.6692
103.843, -0.120523, 33.779
99.8851, 1.41446, 25.6692
100, 3, 50
103.843, -0.120523, 33.779
101.299, 1.95696, 26.7473
100, 0, 0
105.047, 3.55496, 15.9802
100, 0, 0
99.8851, 1.41446, 25.6692
105.047, 3.55496, 15.9802
99.8851, 1.41446, 25.6692
101.299, 1.95696, 26.7473
105.047, 3.55496, 15.9802
100, 3, 50
92.2092, 4.54182, 27.9247
101.486, 3.21328, 40.1556
92.2092, 4.54182, 27.9247
100.373, 5.79334, 38.7094
101.486, 3.21328, 40.1556
100.373, 5.79334, 38.7094
100, 3, 50
101.486, 3.21328, 40.1556
92.2092, 4.54182, 27.9247
101.299, 1.95696, 26.7473
97.9058, 2.8514, 29.7414
101.299, 1.95696, 26.7473
100.373, 5.79334, 38.7094
97.9058, 2.8514, 29.7414
100.373, 5.79334, 38.7094
92.2092, 4.54182, 27.9247
97.9058, 2.8514, 29.7414
101.299, 1.95696, 26.7473
100, 3, 50
100.138, 8.55804, 40.5516
100, 3, 50
100.373, 5.79334, 38.7094
100.138, 8.55804, 40.5516
100.373, 5.79334, 38.7094
101.299, 1.95696, 26.7473
100.138, 8.55804, 40.5516
92.2092, 4.54182, 27.9247
100, 0, 0
94.8358, 4.12203, 16.1862
100, 0, 0
99.7497, 3.4052, 17.9688
94.8358, 4.12203, 16.1862
99.7497, 3.4052, 17.9688
92.2092, 4.54182, 27.9247
94.8358, 4.12203, 16.1862
100, 0, 0
101.299, 1.95696, 26.7473
103.243, 3.83277, 18.7135
101.299, 1.95696, 26.7473
99.7497, 3.4052, 17.9688
103.243, 3.83277, 18.7135
99.7497, 3.4052, 17.9688
100, 0, 0
103.243, 3.83277, 18.7135
101.299, 1.95696, 26.7473
92.2092, 4.54182, 27.9247
101.711, 7.45468, 26.9991
92.2092, 4.54182, 27.9247
99.7497, 3.4052, 17.9688
101.711, 7.45468, 26.9991
99.7497, 3.4052, 17.9688
101.299, 1.95696, 26.7473
101.711, 7.45468, 26.9991
100, 3, 50
71.5393, 4.48054, 19.6416
89.3224, 6.32202, 33.6965
71.5393, 4.48054, 19.6416
85.4835, 5.93204, 32.811
89.3224, 6.32202, 33.6965
85.4835, 5.93204, 32.811
100, 3, 50
89.3224, 6.32202, 33.6965
71.5393, 4.48054, 19.6416
85.5461, 5.33566, 34.5419
78.0941, 7.64773, 26.2745
85.5461, 5.33566, 34.5419
85.4835, 5.93204, 32.811
78.0941, 7.64773, 26.2745
85.4835, 5.93204, 32.811
71.5393, 4.48054, 19.6416
78.0941, 7.64773, 26.2745
85.5461, 5.33566, 34.5419
100, 3, 50
91.1437, 4.32141, 41.936
100, 3, 50
85.4835, 5.93204, 32.811
91.1437, 4.32141, 41.936
85.4835, 5.93204, 32.811
85.5461, 5.33566, 34.5419
91.1437, 4.32141, 41.936
71.5393, 4.48054, 19.6416
92.2092, 4.54182, 27.9247
83.2102, 4.70984, 28.1108
92.2092, 4.54182, 27.9247
85.0532, 7.90029, 27.7044
83.2102, 4.70984, 28.1108
85.0532, 7.90029, 27.7044
71.5393, 4.48054, 19.6416
83.2102, 4.70984, 28.1108
92.2092, 4.54182, 27.9247
85.5461, 5.33566, 34.5419
89.3095, 3.1199, 31.1211
85.5461, 5.33566, 34.5419
85.0532, 7.90029, 27.7044
89.3095, 3.1199, 31.1211
85.0532, 7.90029, 27.7044
92.2092, 4.54182, 27.9247
89.3095, 3.1199, 31.1211
85.5461, 5.33566, 34.5419
71.5393, 4.48054, 19.6416
81.0709, 10.8147, 25.1014
71.5393, 4.48054, 19.6416
85.0532, 7.90029, 27.7044
81.0709, 10.8147, 25.1014
85.0532, 7.90029, 27.7044
85.5461, 5.33566, 34.5419
81.0709, 10.8147, 25.1014
92.2092, 4.54182, 27.9247
100, 3, 50
94.5581, 6.68692, 44.0673
100, 3, 50
89.7298, 6.5433, 39.9329
94.5581, 6.68692, 44.0673
89.7298, 6.5433, 39.9329
92.2092, 4.54182, 27.9247
94.5581, 6.68692, 44.0673
100, 3, 50
85.5461, 5.33566, 34.5419
92.7895, 3.29748, 41.3506
85.5461, 5.33566, 34.5419
89.7298, 6.5433, 39.9329
92.7895, 3.29748, 41.3506
89.7298, 6.5433, 39.9329
100, 3, 50
92.7895, 3.29748, 41.3506
85.5461, 5.33566, 34.5419
92.2092, 4.54182, 27.9247
88.9305, 7.3691, 35.2089
92.2092, 4.54182, 27.9247
89.7298, 6.5433, 39.9329
88.9305, 7.3691, 35.2089
89.7298, 6.5433, 39.9329
85.5461, 5.33566, 34.5419
88.9305, 7.3691, 35.2089
71.5393, 4.48054, 19.6416
100, 0, 0
82.9534, 3.15654, 7.06216
100, 0, 0
84.4189, 7.60756, 9.00027
82.9534, 3.15654, 7.06216
84.4189, 7.60756, 9.00027
71.5393, 4.48054, 19.6416
82.9534, 3.15654, 7.06216
100, 0, 0
87.1115, 6.5997, 15.2162
91.3745, 7.8709, 10.3522
87.1115, 6.5997, 15.2162
84.4189, 7.60756, 9.00027
91.3745, 7.8709, 10.3522
84.4189, 7.60756, 9.00027
100, 0, 0
91.3745, 7.8709, 10.3522
87.1115, 6.5997, 15.2162
71.5393, 4.48054, 19.6416
78.7702, 10.8356, 14.9997
71.5393, 4.48054, 19.6416
84.4189, 7.60756, 9.00027
78.7702, 10.8356, 14.9997
84.4189, 7.60756, 9.00027
87.1115, 6.5997, 15.2162
78.7702, 10.8356, 14.9997
100, 0, 0
92.2092, 4.54182, 27.9247
96.5997, 1.97182, 16.2977
92.2092, 4.54182, 27.9247
92.4837, 7.38586, 18.8328
96.5997, 1.97182, 16.2977
92.4837, 7.38586, 18.8328
100, 0, 0
96.5997, 1.97182, 16.2977
92.2092, 4.54182, 27.9247
87.1115, 6.5997, 15.2162
90.0229, 9.92616, 18.9789
87.1115, 6.5997, 15.2162
92.4837, 7.38586, 18.8328
90.0229, 9.92616, 18.9789
92.4837, 7.38586, 18.8328
92.2092, 4.54182, 27.9247
90.0229, 9.92616, 18.9789
87.1115, 6.5997, 15.2162
100, 0, 0
95.506, 8.16933, 12.6453
100, 0, 0
92.4837, 7.38586, 18.8328
95.506, 8.16933, 12.6453
92.4837, 7.38586, 18.8328
87.1115, 6.5997, 15.2162
95.506, 8.16933, 12.6453
92.2092, 4.54182, 27.9247
71.5393, 4.48054, 19.6416
83.5731, 8.32687, 24.1738
71.5393, 4.48054, 19.6416
87.8458, 3.86002, 25.6262
83.5731, 8.32687, 24.1738
87.8458, 3.86002, 25.6262
92.2092, 4.54182, 27.9247
83.5731, 8.32687, 24.1738
71.5393, 4.48054, 19.6416
87.1115, 6.5997, 15.2162
80.6488, 7.96917, 21.3374
87.1115, 6.5997, 15.2162
87.8458, 3.86002, 25.6262
80.6488, 7.96917, 21.3374
87.8458, 3.86002, 25.6262
71.5393, 4.48054, 19.6416
80.6488, 7.96917, 21.3374
87.1115, 6.5997, 15.2162
92.2092, 4.54182, 27.9247
90.7008, 2.2584, 22.3884
92.2092, 4.54182, 27.9247
87.8458, 3.86002, 25.6262
90.7008, 2.2584, 22.3884
87.8458, 3.86002, 25.6262
87.1115, 6.5997, 15.2162
90.7008, 2.2584, 22.3884
100, 3, 50
0, 0, 0
48.7404, 6.97671, 23.8971
0, 0, 0
52.7727, 4.90327, 25.8595
48.7404, 6.97671, 23.8971
52.7727, 4.90327, 25.8595
100, 3, 50
48.7404, 6.97671, 23.8971
0, 0, 0
52.5974, 2.90759, 27.9477
39.0526, 2.96127, 17.1826
52.5974, 2.90759, 27.9477
52.7727, 4.90327, 25.8595
39.0526, 2.96127, 17.1826
52.7727, 4.90327, 25.8595
0, 0, 0
39.0526, 2.96127, 17.1826
52.5974, 2.90759, 27.9477
100, 3, 50
67.3127, 5.22672, 32.616
100, 3, 50
52.7727, 4.90327, 25.8595
67.3127, 5.22672, 32.616
52.7727, 4.90327, 25.8595
52.5974, 2.90759, 27.9477
67.3127, 5.22672, 32.616
0, 0, 0
59.1061, 0.841843, 24.5308
30.0875, 3.30272, 13.7917
59.1061, 0.841843, 24.5308
38.6889, 2.21975, 14.9391
30.0875, 3.30272, 13.7917
38.6889, 2.21975, 14.9391
0, 0, 0
30.0875, 3.30272, 13.7917
59.1061, 0.841843, 24.5308
52.5974, 2.90759, 27.9477
50.0268, 5.30727, 22.8444
52.5974, 2.90759, 27.9477
38.6889, 2.21975, 14.9391
50.0268, 5.30727, 22.8444
38.6889, 2.21975, 14.9391
59.1061, 0.841843, 24.5308
50.0268, 5.30727, 22.8444
52.5974, 2.90759, 27.9477
0, 0, 0
30.5341, 0.360277, 15.7772
0, 0, 0
38.6889, 2.21975, 14.9391
30.5341, 0.360277, 15.7772
38.6889, 2.21975, 14.9391
52.5974, 2.90759, 27.9477
30.5341, 0.360277, 15.7772
59.1061, 0.841843, 24.5308
100, 3, 50
74.3104, 5.04505, 40.4168
100, 3, 50
72.6972, 4.65077, 36.1346
74.3104, 5.04505, 40.4168
72.6972, 4.65077, 36.1346
59.1061, 0.841843, 24.5308
74.3104, 5.04505, 40.4168
100, 3, 50
52.5974, 2.90759, 27.9477
74.7604, 3.57922, 38.0812
52.5974, 2.90759, 27.9477
72.6972, 4.65077, 36.1346
74.7604, 3.57922, 38.0812
72.6972, 4.65077, 36.1346
100, 3, 50
74.7604, 3.57922, 38.0812
52.5974, 2.90759, 27.9477
59.1061, 0.841843, 24.5308
60.9579, 2.69201, 33.5291
59.1061, 0.841843, 24.5308
72.6972, 4.65077, 36.1346
60.9579, 2.69201, 33.5291
72.6972, 4.65077, 36.1346
52.5974, 2.90759, 27.9477
60.9579, 2.69201, 33.5291
0, 0, 0
71.5393, 4.48054, 19.6416
36.3166, 6.07013, 12.3551
71.5393, 4.48054, 19.6416
34.9628, 2.21956, 13.1879
36.3166, 6.07013, 12.3551
34.9628, 2.21956, 13.1879
0, 0, 0
36.3166, 6.07013, 12.3551
71.5393, 4.48054, 19.6416
41.1052, 3.12789, 14.8519
46.9073, 4.94853, 19.9587
41.1052, 3.12789, 14.8519
34.9628, 2.21956, 13.1879
46.9073, 4.94853, 19.9587
34.9628, 2.21956, 13.1879
71.5393, 4.48054, 19.6416
46.9073, 4.94853, 19.9587
41.1052, 3.12789, 14.8519
0, 0, 0
27.0628, 0.411604, 11.7705
0, 0, 0
34.9628, 2.21956, 13.1879
27.0628, 0.411604, 11.7705
34.9628, 2.21956, 13.1879
41.1052, 3.12789, 14.8519
27.0628, 0.411604, 11.7705
71.5393, 4.48054, 19.6416
59.1061, 0.841843, 24.5308
65.8907, 6.44295, 19.1612
59.1061, 0.841843, 24.5308
59.8141, 1.22267, 21.7032
65.8907, 6.44295, 19.1612
59.8141, 1.22267, 21.7032
71.5393, 4.48054, 19.6416
65.8907, 6.44295, 19.1612
59.1061, 0.841843, 24.5308
41.1052, 3.12789, 14.8519
53.7247, 1.67815, 24.8516
41.1052, 3.12789, 14.8519
59.8141, 1.22267, 21.7032
53.7247, 1.67815, 24.8516
59.8141, 1.22267, 21.7032
59.1061, 0.841843, 24.5308
53.7247, 1.67815, 24.8516
41.1052, 3.12789, 14.8519
71.5393, 4.48054, 19.6416
59.8814, 1.64688, 17.2882
71.5393, 4.48054, 19.6416
59.8141, 1.22267, 21.7032
59.8814, 1.64688, 17.2882
59.8141, 1.22267, 21.7032
41.1052, 3.12789, 14.8519
59.8814, 1.64688, 17.2882
59.1061, 0.841843, 24.5308
0, 0, 0
33.5237, 5.35607, 10.6028
0, 0, 0
37.5355, 5.9891, 11.7595
33.5237, 5.35607, 10.6028
37.5355, 5.9891, 11.7595
59.1061, 0.841843, 24.5308
33.5237, 5.35607, 10.6028
0, 0, 0
41.1052, 3.12789, 14.8519
23.7631, 0.143039, 11.7773
41.1052, 3.12789, 14.8519
37.5355, 5.9891, 11.7595
23.7631, 0.143039, 11.7773
37.5355, 5.9891, 11.7595
0, 0, 0
23.7631, 0.143039, 11.7773
41.1052, 3.12789, 14.8519
59.1061, 0.841843, 24.5308
48.8408, 2.69036, 14.8254
59.1061, 0.841843, 24.5308
37.5355, 5.9891, 11.7595
48.8408, 2.69036, 14.8254
37.5355, 5.9891, 11.7595
41.1052, 3.12789, 14.8519
48.8408, 2.69036, 14.8254
71.5393, 4.48054, 19.6416
100, 3, 50
81.4805, 4.13255, 35.6082
100, 3, 50
81.6673, 2.23112, 38.708
81.4805, 4.13255, 35.6082
81.6673, 2.23112, 38.708
71.5393, 4.48054, 19.6416
81.4805, 4.13255, 35.6082
100, 3, 50
79.1081, 0.242999, 32.3413
85.0073, -0.233805, 45.0137
79.1081, 0.242999, 32.3413
81.6673, 2.23112, 38.708
85.0073, -0.233805, 45.0137
81.6673, 2.23112, 38.708
100, 3, 50
85.0073, -0.233805, 45.0137
79.1081, 0.242999, 32.3413
71.5393, 4.48054, 19.6416
81.8575, 4.74288, 33.8068
71.5393, 4.48054, 19.6416
81.6673, 2.23112, 38.708
81.8575, 4.74288, 33.8068
81.6673, 2.23112, 38.708
79.1081, 0.242999, 32.3413
81.8575, 4.74288, 33.8068
100, 3, 50
59.1061, 0.841843, 24.5308
85.2851, -0.95987, 36.9257
59.1061, 0.841843, 24.5308
81.8316, -0.642934, 40.1432
85.2851, -0.95987, 36.9257
81.8316, -0.642934, 40.1432
100, 3, 50
85.2851, -0.95987, 36.9257
59.1061, 0.841843, 24.5308
79.1081, 0.242999, 32.3413
70.7439, -2.52662, 36.0183
79.1081, 0.242999, 32.3413
81.8316, -0.642934, 40.1432
70.7439, -2.52662, 36.0183
81.8316, -0.642934, 40.1432
59.1061, 0.841843, 24.5308
70.7439, -2.52662, 36.0183
79.1081, 0.242999, 32.3413
100, 3, 50
86.8559, 3.20413, 45.0571
100, 3, 50
81.8316, -0.642934, 40.1432
86.8559, 3.20413, 45.0571
81.8316, -0.642934, 40.1432
79.1081, 0.242999, 32.3413
86.8559, 3.20413, 45.0571
59.1061, 0.841843, 24.5308
71.5393, 4.48054, 19.6416
65.5016, 0.791294, 22.1406
71.5393, 4.48054, 19.6416
74.5101, 1.01044, 26.8358
65.5016, 0.791294, 22.1406
74.5101, 1.01044, 26.8358
59.1061, 0.841843, 24.5308
65.5016, 0.791294, 22.1406
71.5393, 4.48054, 19.6416
79.1081, 0.242999, 32.3413
72.0964, 6.69845, 29.4233
79.1081, 0.242999, 32.3413
74.5101, 1.01044, 26.8358
72.0964, 6.69845, 29.4233
74.5101, 1.01044, 26.8358
71.5393, 4.48054, 19.6416
72.0964, 6.69845, 29.4233
79.1081, 0.242999, 32.3413
59.1061, 0.841843, 24.5308
75.7964, -0.389755, 32.8697
59.1061, 0.841843, 24.5308
74.5101, 1.01044, 26.8358
75.7964, -0.389755, 32.8697
74.5101, 1.01044, 26.8358
79.1081, 0.242999, 32.3413
75.7964, -0.389755, 32.8697
100, 0, 0
100, 100, 0
101.523, 52.622, 1.42731
100, 100, 0
102.918, 47.4131, 4.38004
101.523, 52.622, 1.42731
102.918, 47.4131, 4.38004
100, 0, 0
101.523, 52.622, 1.42731
100, 100, 0
106.16, 50.9222, -1.80023
102.112, 63.5396, 3.71522
106.16, 50.9222, -1.80023
102.918, 47.4131, 4.38004
102.112, 63.5396, 3.71522
102.918, 47.4131, 4.38004
100, 100, 0
102.112, 63.5396, 3.71522
106.16, 50.9222, -1.80023
100, 0, 0
104.866, 31.007, -1.28542
100, 0, 0
102.918, 47.4131, 4.38004
104.866, 31.007, -1.28542
102.918, 47.4131, 4.38004
106.16, 50.9222, -1.80023
104.866, 31.007, -1.28542
100, 100, 0
104.409, 48.0815, 3.19626
100.151, 71.7553, 3.08102
104.409, 48.0815, 3.19626
101.224, 69.1368, 4.12016
100.151, 71.7553, 3.08102
101.224, 69.1368, 4.12016
100, 100, 0
100.151, 71.7553, 3.08102
104.409, 48.0815, 3.19626
106.16, 50.9222, -1.80023
105.956, 60.2744, 4.9944
106.16, 50.9222, -1.80023
101.224, 69.1368, 4.12016
105.956, 60.2744, 4.9944
101.224, 69.1368, 4.12016
104.409, 48.0815, 3.19626
105.956, 60.2744, 4.9944
106.16, 50.9222, -1.80023
100, 100, 0
107.039, 74.4359, 4.78247
100, 100, 0
101.224, 69.1368, 4.12016
107.039, 74.4359, 4.78247
101.224, 69.1368, 4.12016
106.16, 50.9222, -1.80023
107.039, 74.4359, 4.78247
104.409, 48.0815, 3.19626
100, 0, 0
106.038, 28.7338, 5.72845
100, 0, 0
107.496, 30.1296, -0.266222
106.038, 28.7338, 5.72845
107.496, 30.1296, -0.266222
104.409, 48.0815, 3.19626
106.038, 28.7338, 5.72845
100, 0, 0
106.16, 50.9222, -1.80023
109.165, 27.7325, 1.98375
106.16, 50.9222, -1.80023
107.496, 30.1296, -0.266222
109.165, 27.7325, 1.98375
107.496, 30.1296, -0.266222
100, 0, 0
109.165, 27.7325, 1.98375
106.16, 50.9222, -1.80023
104.409, 48.0815, 3.19626
108.968, 47.6855, -2.56514
104.409, 48.0815, 3.19626
107.496, 30.1296, -0.266222
108.968, 47.6855, -2.56514
107.496, 30.1296, -0.266222
106.16, 50.9222, -1.80023
108.968, 47.6855, -2.56514
